#JOSM PicLayer plugin calibration data
#Thu Apr 02 15:54:30 CST 2015
POSITION_Y=4860255.94121627
POSITION_X=1.2954134031875623E7
M12=113.58282095286417
M11=0.20944286201228277
M10=0.0
M02=808.3038583940587
INITIAL_SCALE=67.75232175929098
M01=0.0
M00=0.20944286201228277
